Confusion matrix
[[ 5  1  0  0  0  0  0  0  0  0]
 [ 0  2  1  2  1  0  0  0  0  0]
 [ 0  0 12  0  0  0  0  0  0  0]
 [ 0  2  0  3  0  0  0  1  0  0]
 [ 0  0  0  0  5  0  0  0  1  0]
 [ 0  4  0  0  1  1  0  0  0  0]
 [ 0  0  0  6  0  0  0  0  0  0]
 [ 0  0  0  2  0  2  0  2  0  0]
 [ 1  0  0  2  0  0  0  0  4  0]
 [ 0  0  1  2  0  1  0  2  0  0]]
Labels: 	[6 5 0 1 8 2 4 9 2 6 0 2 8 2 7 8 9 8 2 5 3 5 2 4 3 2 5 9 3 3 2 3 1 1 4 8 6
 8 9 8 5 5 9 7 7 3 0 1 7 0 0 6 0 2 1 9 7 4 6 2 4 1 4 2 2 6 7]
Predicted:	[3 5 0 2 8 2 4 3 2 3 0 2 0 2 5 8 7 8 2 4 3 1 2 4 7 2 1 2 1 3 2 1 4 3 8 3 3
 8 7 3 1 1 5 7 3 3 0 1 7 0 1 3 0 2 3 3 5 4 3 2 4 1 4 2 2 3 3]
